1.527936 1.336585 1.575237 1.094140 1.406636 0.702156 0.584192 0.871103 0.726907 0.234292 0.255594 0.086023 
1.800447 1.528531 1.686396 1.137589 1.785769 0.897484 0.930209 0.568296 0.810586 0.201233 0.242408 0.087926 
1.804314 1.509487 1.687945 1.118278 1.694769 1.057379 0.585453 0.627847 0.768247 0.446254 0.187856 0.081309 
1.847333 1.260973 1.239197 1.830008 2.274165 0.776231 0.025142 0.394781 1.250702 0.884340 0.159137 0.019974 
1.894409 1.581864 1.735747 1.220853 1.307817 1.412960 0.637116 0.708267 0.550384 0.438873 0.235228 0.080081 
2.208685 1.804314 1.767325 1.441955 1.340269 1.207611 0.813825 0.885123 0.637065 0.268891 0.266470 0.080106 
1.834875 1.511021 1.704701 1.290659 1.215207 1.237229 0.814348 0.613750 0.902145 0.207287 0.258195 0.083535 
1.720241 1.509946 1.679516 1.029551 1.425185 1.357547 1.109631 0.320562 0.670419 0.301828 0.253230 0.087009 
0.903809 0.691109 0.973380 0.571345 0.798939 0.414324 0.710456 0.389496 0.499306 0.320559 0.240054 0.104154 
1.434498 1.241143 1.578527 0.922104 1.200192 0.524019 1.098691 0.452794 0.487281 0.518741 0.263098 0.082358 
1.576416 1.327476 1.635392 1.086310 1.507402 0.389680 1.069146 0.695683 0.843908 0.322715 0.226371 0.088078 
1.778231 1.523373 1.698220 1.234838 1.636269 0.520870 1.182123 0.862578 0.463764 0.420456 0.231369 0.083454 
1.652949 1.405358 1.634096 1.156455 1.136112 0.832344 1.460863 0.537838 0.769419 0.246215 0.224289 0.086599 
1.657724 1.378275 1.923679 1.349172 0.759088 1.211597 1.490442 0.211020 0.509172 0.724288 0.164292 0.065315 
1.684657 1.422714 1.672043 1.234781 1.369936 0.889142 1.005287 0.263621 0.973312 0.383718 0.227449 0.082096 
1.834897 1.561075 1.697005 1.294606 1.594220 0.718779 1.378672 0.368796 0.616377 0.392871 0.253818 0.084211 
1.644940 1.418280 1.600294 1.137335 1.371619 0.846935 1.342704 0.557040 0.191115 0.410438 0.249063 0.087573 
2.181018 1.807968 1.736221 1.488870 1.367491 0.923275 1.221705 0.684986 0.508135 0.429743 0.226384 0.081034 
1.866335 1.590039 1.743740 1.062019 1.699373 1.007154 1.101112 0.724125 0.522027 0.238464 0.273409 0.083089 
2.224198 1.823240 1.767924 1.408521 1.580573 0.967111 0.877619 0.803634 0.581178 0.414782 0.223708 0.080176 
1.711695 1.456286 1.748516 1.019289 1.053698 1.179377 1.166120 0.786251 0.458463 0.280918 0.263930 0.080255 
1.887229 1.602146 1.730701 1.326723 1.239465 0.842336 1.125952 1.036353 0.600770 0.261665 0.242639 0.081887 
1.812223 1.525247 1.754582 1.140543 1.590375 0.870583 0.756492 1.035564 0.360698 0.465076 0.244136 0.074492 
1.596577 1.842905 2.320617 0.170694 2.440577 0.775439 0.457898 1.652827 -0.024181 0.509438 0.306306 0.031512 
1.565638 1.315774 1.641586 1.273433 1.331975 0.769974 0.737653 0.289336 0.478690 0.292852 0.275145 0.090313 
2.300091 1.857643 0.717825 1.538635 1.726161 2.200743 0.949012 0.103850 -0.042892 0.347154 0.655613 0.101281 
1.599172 1.357615 1.663062 1.132329 1.073939 0.858346 0.864070 0.723068 0.755676 0.569364 0.209952 0.073467 
1.918309 1.642582 1.756669 1.229762 1.582149 1.079393 1.030504 0.474057 0.494136 0.567332 0.209255 0.079942 
2.174858 1.811427 1.756303 1.503312 1.407763 0.935721 1.036545 0.655906 0.747743 0.319061 0.231796 0.082155 
2.172430 1.792805 1.749498 1.506563 1.190792 1.216277 1.096259 0.523278 0.658978 0.401281 0.223370 0.080508 
2.217015 1.797679 1.791103 1.432701 1.330478 1.144539 0.974079 0.856027 0.383903 0.447671 0.244222 0.078803 
2.476592 1.962504 1.745082 1.526733 1.346197 1.159805 0.962108 0.752252 0.577925 0.394143 0.229763 0.080908 
