1.0525  0  0  0  0  

0.525927  0.474073  0  0  0  
0  0.634779  0.365221  0  0  
0  0  0.904242  0.0957584  0  
0  0  0  0.923129  0.0768714  
0  0  0  0  1  


0.0136186  1.47067e-007  0.0104689  1.0525e-030  0.0329055  0.0654249  0.0263151  0.0526265  0.0529044  0.000143372  0.0100275  0.0131316  0.0257981  4.61788e-007  0.000371011  2.61316e-008  2.85823e-009  0.0365587  2.81807e-007  0.0644625  0.000187154  0.04714  0.0217362  1.0525e-030  0.00263711  7.36324e-007  0.206711  0.00734896  0.0350088  0.0131562  0.0815045  0.179811  

0.000121388  1.1691e-006  0.0687518  1.0525e-030  0.00210651  1.92569e-005  0.00834549  8.12774e-006  0.0819507  0.0872505  0.049441  1.42136e-005  0.0001493  3.22126e-005  0.0106677  2.49034e-007  3.14342e-008  8.93133e-008  2.08897e-006  0.000108409  0.0261829  0.00240111  0.0424003  1.0525e-030  0.00866956  4.98411e-006  0.580645  0.00352262  0.00015309  4.64795e-008  0.0263125  0.000737811  

0.00211212  4.64714e-006  5.06663e-005  1.0525e-030  0.00751244  1.61576e-006  0.00218825  2.75424e-005  0.582776  0.0175132  0.00826442  3.52824e-006  4.51555e-005  0.00752944  0.0209106  1.16423e-006  1.69976e-007  4.66592e-007  7.96215e-006  8.95539e-006  0.00145043  0.000331339  4.78102e-006  1.0525e-030  5.45383e-006  1.70457e-005  0.349202  4.50683e-006  9.46459e-008  2.4866e-007  1.29338e-006  2.45066e-005  

4.05133e-008  0.00641537  0.0550679  0.00384621  0.0777234  2.05302e-006  0.0333073  0.198879  0.00228046  0.00301638  0.0178579  8.48323e-006  0.0217554  0.00692623  0.0080434  0.000199849  6.02775e-007  3.6099e-006  0.0470993  2.57817e-006  0.0258501  0.00655539  1.54548e-005  1.0525e-030  1.28002e-006  0.11416  0.37092  3.73139e-005  3.87012e-007  8.89062e-007  4.47251e-006  1.97165e-005  

0.00106967  0.0469149  0.0330604  0.00149506  0.0299383  0.0435219  0.00255071  0.0206986  7.27218e-005  0.000176464  0.000993551  0.0067622  8.3376e-006  5.87208e-006  0.00104731  0.0124687  0.00875722  0.0181893  0.0503754  0.0638493  0.00239754  0.00391506  0.0204134  1.0525e-030  0.00100593  0.0564506  0.000168595  0.0470999  0.0129218  0.0277286  0.0630035  0.422939  



p_star  3.9397e-046 