1.0525  0  0  0  0  

0.60666  0.39334  0  0  0  
0  0.763654  0.236346  0  0  
0  0  0.723861  0.276139  0  
0  0  0  0.810568  0.189432  
0  0  0  0  1  


1.0525e-030  1e-030  0.0155147  1.0525e-030  0.00110946  0.132267  1.72416e-007  1.685e-012  1.0525e-030  1.0525e-030  1.0525e-030  0.02667  1.0525e-030  1.0525e-030  1.0525e-030  5.5214e-013  4.41712e-013  0.0410916  5.5214e-013  0.153231  0.000137942  3.10402e-006  8.81396e-007  1.0525e-030  4.83608e-008  1.0525e-030  1.0525e-030  7.9302e-006  0.0849502  0.0420458  0.106171  0.396799  

1.0525e-030  1e-030  1.29513e-011  1.0525e-030  0.0142067  0.117427  1.58911e-006  3.11724e-011  1.0525e-030  1.0525e-030  1.0525e-030  6.82731e-008  1.0525e-030  1.0525e-030  1e-030  1.09048e-011  8.83424e-012  0.0360191  1.09048e-011  0.0741024  0.00377344  0.00746512  1.11199e-005  1.0525e-030  4.14636e-007  1.0525e-030  1.0525e-030  0.000165874  0.0113093  0.0374118  0.0176957  0.68041  

1.0525e-030  1e-030  1.30259e-010  1.0525e-030  0.0711487  0.165344  6.74706e-006  2.8445e-010  1.0525e-030  1.0525e-030  1.0525e-030  2.18159e-006  1.0525e-030  1.0525e-030  1.0525e-030  1.06322e-010  8.72382e-011  0.0043927  1.06322e-010  0.136103  0.00778738  0.00135711  0.00514527  1.0525e-030  2.28787e-005  1.0525e-030  1.0525e-030  0.0284268  0.0122297  0.0754756  0.0830166  0.409542  

1.0525e-030  1e-030  9.52491e-010  1.0525e-030  0.024684  0.139326  6.34087e-005  1.7071e-009  1.0525e-030  1.0525e-030  1.0525e-030  0.00611345  1e-030  1.0525e-030  1.0525e-030  6.8243e-010  5.67055e-010  0.035459  6.82633e-010  0.0835843  0.00118093  0.00154707  0.00602667  1.0525e-030  0.00220927  1.0525e-030  1.0525e-030  0.00711969  0.0652434  0.0304889  0.136592  0.460361  

1.0525e-030  0.00192229  0.00153435  1.0525e-030  0.0228831  0.0454773  0.00628126  0.00205704  1.0525e-030  1.0525e-030  0.000809875  0.00197269  0.00245284  1.0525e-030  0.0023095  0.000773541  0.00114281  0.0301118  0.00402625  0.0433128  0.000824152  0.00682133  0.000807151  1.0525e-030  9.97055e-006  1.0525e-030  1.0525e-030  0.00457424  0.0243934  0.0519864  0.04634  0.697176  



p_star  2.21613e-037 