1.0525  0  0  0  0  

0.911882  0.0881178  0  0  0  
0  0.72598  0.27402  0  0  
0  0  0.621933  0.378067  0  
0  0  0  0.91528  0.0847202  
0  0  0  0  1  


5.18483e-007  1.0525e-030  1.98436e-007  1.0525e-030  0.00150649  0.053799  1.9293e-008  2.83197e-007  1.1083e-006  8.60432e-007  3.32307e-009  5.64675e-007  1.0784e-012  3.74353e-008  2.92776e-007  1.28002e-008  1.17843e-007  0.0357655  1.13517e-008  0.0385214  2.28653e-007  1.69404e-008  4.14981e-006  1.0525e-030  8.09829e-006  1.0525e-030  5.3353e-007  3.15618e-006  0.0319698  0.0488129  0.0541581  0.735447  

5.7597e-006  1.0525e-030  0.0105324  1.0525e-030  0.0039815  0.128784  1.79122e-007  1.97675e-006  7.07253e-006  3.81889e-006  7.81978e-007  0.015148  2.04896e-011  2.99631e-007  1.94633e-006  1.15996e-007  9.25146e-007  0.0244192  1.07971e-007  0.0775325  1.65701e-006  1.58507e-007  3.17576e-005  1.0525e-030  0.0577936  1.0525e-030  3.31287e-006  0.000568836  0.108404  0.0334146  0.0486205  0.490741  

0.0223891  1.0525e-030  0.00605967  1.0525e-030  0.0540203  0.0180016  8.14975e-007  0.0314455  0.0354985  0.0222074  0.0178796  0.0125126  1.9209e-010  1.17024e-006  2.55653e-005  5.13623e-007  3.68074e-006  0.0296822  5.04334e-007  0.0274554  0.0365785  7.42156e-007  0.0838961  1.0525e-030  0.112083  1.0525e-030  0.00384792  0.0340366  0.0246534  0.0264134  0.188395  0.212912  

0.0204214  1.0525e-030  0.0311844  1.0525e-030  0.0763158  0.0362978  0.0156997  0.0225283  0.064831  0.0359609  0.0050542  0.0032187  0.0038782  0.00716719  0.0209384  0.0015349  0.0281967  0.0100168  9.89172e-005  0.0367128  0.0142023  2.46098e-006  0.0242214  1.0525e-030  0.281917  1.0525e-030  0.0519856  0.0547377  0.0246716  0.0792111  0.0348285  0.0141664  

0.00123124  0.00104754  0.000991136  1.0525e-030  0.0256756  0.0590252  0.00704104  0.00434325  2.54839e-005  3.96514e-006  4.37761e-006  0.00445467  0.00211299  3.78219e-006  0.0013941  0.0030457  0.00112164  0.0252097  0.00854923  0.0367962  0.00198231  0.0198747  0.00489106  1.0525e-030  0.00261246  1.0525e-030  0.00121046  0.0042921  0.0266926  0.0502082  0.044333  0.661826  



p_star  4.91381e-041 