1.0525  0  0  0  0  

0.821766  0.178234  0  0  0  
0  0.753999  0.246001  0  0  
0  0  0.854236  0.145764  0  
0  0  0  0.956634  0.043366  
0  0  0  0  1  


3.06499e-011  1.19087e-005  0.00651608  1.0525e-030  0.104315  0.0477984  0.00468773  2.75752e-007  1.0525e-030  1.0525e-030  1.0525e-030  0.0053265  6.48665e-007  2.12676e-009  1.0525e-030  1.0525e-030  1.00642e-006  4.49286e-006  0.0217635  0.060804  5.41811e-005  1.97387e-006  0.352367  0.333638  1.0525e-030  4.37572e-008  1.05e-030  2.05484e-005  4.41588e-006  1.93483e-006  0.00951538  0.0531668  

4.67411e-010  0.00521489  0.0251854  1.0525e-030  0.0259118  0.097051  0.00519293  2.08659e-006  1.0525e-030  1.0525e-030  1.0525e-030  0.010709  0.00836576  2.2331e-008  1.0525e-030  1.0525e-030  0.0176011  5.52331e-005  0.136054  0.115886  0.0525132  7.84193e-006  0.153293  0.144391  1.0525e-030  3.63165e-007  1.05e-030  0.00714895  2.43511e-005  1.97137e-005  0.0647134  0.130658  

3.50559e-009  4.7685e-005  0.000144394  1.0525e-030  0.0342058  0.100322  0.0116497  0.000111482  1.0525e-030  1.0525e-030  1.0525e-030  0.0485974  0.000869639  1.16911e-007  1.0525e-030  1.0525e-030  0.00558799  0.0680374  0.0113737  0.0300821  0.0343529  0.0339187  0.0534356  0.032679  1.0525e-030  2.68278e-006  1.05e-030  0.0185404  0.0151925  0.0165584  0.0629532  0.421337  

1.78156e-008  4.00869e-006  7.52584e-006  1.0525e-030  0.0287396  0.0361409  0.00653404  0.0498689  1.0525e-030  1.0525e-030  1.0525e-030  0.000617152  0.0215776  0.00616648  1.0525e-030  1.0525e-030  0.0426031  0.0428271  0.0670055  0.0102347  0.216819  0.00977598  0.00213481  0.000445716  1.0525e-030  0.015591  1.00045e-030  0.00451471  0.0093426  0.0839158  0.0810969  0.264037  

0.00151808  1.11362e-007  0.0267622  1.0525e-030  0.129415  0.0965383  0.0366713  0.0167578  1.0525e-030  1.0525e-030  1.0525e-030  5.8175e-006  0.000740383  5.95829e-006  1.0525e-030  1.0525e-030  0.00125342  0.00345848  0.0398668  0.0446602  0.0233938  0.00332555  0.159479  0.211951  1.0525e-030  0.00178473  0.00176616  1.5411e-005  0.00103858  0.00392337  0.0235954  0.172072  



p_star  1.76248e-068 