1.0525  0  0  0  0  

0.68834  0.31166  0  0  0  
0  0.737806  0.262194  0  0  
0  0  0.585838  0.414162  0  
0  0  0  0.693465  0.306535  
0  0  0  0  1  


1.0525e-030  1.0525e-030  1.0784e-012  1.0525e-030  0.0651826  0.0895468  7.08422e-009  1.05e-030  1.0525e-030  5.5214e-013  1.0525e-030  3.09681e-008  1.0525e-030  2.82696e-013  7.90414e-011  1.0525e-030  1.24231e-012  6.42239e-005  0.0170392  0.0319234  0.0152969  0.044125  1.62581e-011  1.0525e-030  1.41879e-009  1.0525e-030  7.67007e-012  0.011838  0.00874024  0.0328421  0.0353819  0.64802  

1.0525e-030  1.0525e-030  2.04896e-011  1.0525e-030  0.0123081  0.0123624  6.8125e-008  1e-030  1.0525e-030  1.09048e-011  1.0525e-030  2.3243e-007  1.0525e-030  5.79526e-012  1.14351e-009  1.0525e-030  2.43632e-011  0.0902765  7.87255e-005  0.020099  0.0190855  2.07657e-005  2.62675e-010  1.0525e-030  1.58677e-008  1.0525e-030  1.33637e-010  0.00150023  0.104761  0.0484502  0.048225  0.642832  

1.0525e-030  1.0525e-030  1.9209e-010  1.0525e-030  0.0129535  0.181622  4.93134e-007  1.0025e-030  1.0525e-030  1.06322e-010  1.0525e-030  1.85038e-006  1.05238e-030  5.86771e-011  8.29525e-009  1.0525e-030  2.35859e-010  0.0335495  0.00174875  0.0760095  0.000876647  0.00446471  2.09465e-009  1.0525e-030  8.80582e-008  1.0525e-030  1.15709e-009  0.000382615  0.0277071  0.192794  0.14352  0.324369  

1.0525e-030  1.0525e-030  1.18457e-009  1.0525e-030  0.0749551  0.087501  7.66338e-005  1e-030  1.0525e-030  6.82238e-010  1.05238e-030  0.00571213  1.00238e-030  3.91185e-010  4.66621e-008  1.0525e-030  1.50265e-009  0.0638778  0.0262318  0.157933  0.000765618  0.0203511  1.09987e-008  1.0525e-030  3.70455e-007  1.0525e-030  6.69694e-009  0.00101229  0.0823657  0.101264  0.114981  0.262973  

1.0525e-030  1.0525e-030  0.00164913  1.0525e-030  0.0130358  0.0507152  0.0117264  0.000785323  1.0525e-030  0.00107966  0.001777  0.00285049  0.000857541  0.0010395  0.00253666  1.0525e-030  0.00180543  0.0278034  0.00452298  0.0408032  0.000793342  0.00525048  0.0028368  1.0525e-030  0.00633121  1.0525e-030  0.0030162  0.00569606  0.0223066  0.0335837  0.0529307  0.704267  



p_star  0 