1.0525  0  0  0  0  

0.808756  0.191244  0  0  0  
0  0.722151  0.277849  0  0  
0  0  0.777532  0.222468  0  
0  0  0  0.935583  0.064417  
0  0  0  0  1  


0.000445181  7.78844e-006  1.00434e-011  1.0525e-030  0.00450439  0.0953036  2.11991e-005  1.42381e-005  1.0525e-030  2.26056e-006  1.0525e-030  6.84323e-006  4.24293e-006  2.65645e-007  0.000158597  1.10522e-006  0.00296605  0.0955896  0.0404049  0.033808  1.24215e-005  0.026317  2.14749e-006  1.0525e-030  0.019734  2.0876e-006  1e-030  8.88943e-007  0.0634357  0.0585324  0.0890199  0.469705  

0.0092123  0.00053303  1.65716e-010  1.0525e-030  0.0221316  0.126507  0.00262286  0.00679746  1.0525e-030  5.09679e-005  1.0525e-030  0.00176026  0.000568119  1.55792e-006  0.0217029  1.85153e-005  0.00910121  0.0322627  0.00168234  0.00063194  0.0275841  0.0367757  5.90564e-006  1.0525e-030  0.0336358  1.17643e-005  1.00953e-030  3.40147e-006  0.0134305  0.0582283  0.255599  0.339141  

0.00682986  0.0143866  1.34644e-009  1.0525e-030  0.0798398  0.12735  0.0136401  0.00813814  1.0525e-030  0.0087443  1.0525e-030  0.00407355  0.032653  1.00015e-005  0.0240981  0.00437515  0.0680649  0.0318833  0.00200296  0.030323  0.0400342  0.0226436  0.00530164  1.0525e-030  0.136496  0.000529372  0.0199494  0.0116847  0.0244974  0.0742451  0.0977767  0.110429  

2.04854e-006  0.00311167  7.18109e-009  1.0525e-030  0.0453016  0.00745928  0.0132275  0.205286  1.0525e-030  4.64864e-005  1.0525e-030  3.04824e-005  0.0533487  0.0084915  1.41203e-005  2.38553e-005  0.0756072  0.000763485  0.0963996  1.88823e-005  0.263136  0.0348328  5.53968e-006  1.0525e-030  0.000832004  0.0820878  2.42195e-005  0.0031638  0.00590782  0.0160908  0.0594149  0.0253715  

3.3125e-008  0.00247073  0.0024894  1.0525e-030  0.0196762  0.0519939  0.00677817  0.011523  1.0525e-030  1.18071e-006  1.0525e-030  0.0104095  0.00223191  0.00737316  2.213e-007  0.0155959  0.0138526  0.0592196  0.0233132  0.0455726  0.00908517  0.0431257  0.00485548  1.0525e-030  0.00105054  0.010652  1e-030  0.0126994  0.0180086  0.0459468  0.0614762  0.520599  



p_star  7.28215e-049 