1.0525  0  0  0  0  

0.66594  0.33406  0  0  0  
0  0.728936  0.271064  0  0  
0  0  0.74174  0.25826  0  
0  0  0  0.639967  0.360033  
0  0  0  0  1  


6.90175e-013  0.0387083  0.0106266  1.0525e-030  0.143023  0.262064  0.129458  0.0206943  1.0525e-030  6.90175e-013  2.31651e-010  1.15249e-005  3.38046e-007  6.42775e-012  7.48289e-011  5.50739e-006  3.54156e-006  4.87659e-006  0.0249062  0.0113832  0.0438052  0.00886854  0.0544263  0.0881697  5.31517e-006  1.0525e-030  2.92352e-006  0.0131501  0.00914995  4.02529e-006  0.00975645  0.131772  

1.34584e-011  0.0960495  0.0305904  1.0525e-030  0.0108024  0.0828841  0.0157011  5.42125e-005  1.0525e-030  1.34584e-011  3.02709e-009  0.00416954  1.98695e-006  1.09272e-010  1.06631e-009  0.0101818  0.000154399  0.000913809  0.154712  0.0402669  0.0288249  1.3457e-005  0.222056  0.0995972  7.68037e-005  1.0525e-030  0.00777951  9.91987e-007  0.00285205  2.60708e-005  0.00853124  0.183759  

1.29537e-010  0.000675981  0.0282675  1.0525e-030  0.0639835  0.167829  0.00158958  0.00304501  1.0525e-030  1.29537e-010  1.94365e-008  0.0402018  0.000182881  9.15153e-010  7.46419e-009  0.0105621  0.069296  0.0429271  0.0737938  0.0492212  0.0354753  0.000449946  0.082343  0.0209722  0.00853092  1.0525e-030  0.000985284  3.35436e-006  0.0266661  0.0109727  0.00905078  0.252975  

8.20412e-010  1.11338e-005  0.000598809  1.0525e-030  0.0168931  0.0945233  0.109241  0.0664442  1.0525e-030  8.20412e-010  8.17955e-008  0.00357617  0.0275569  5.03339e-009  3.42113e-008  0.00452592  0.000469663  0.021428  0.0425856  0.0591504  0.111483  0.0235835  0.0392514  2.90995e-005  0.0106138  1.0525e-030  0.0200738  9.38915e-006  0.0661223  0.0123817  0.137931  0.131517  

0.000828959  1.69326e-007  0.00470812  1.0525e-030  0.0452635  0.0579966  0.00781461  0.00439504  1.0525e-030  0.000777495  0.00270102  0.00538677  0.007714  0.000799947  0.00190108  0.00176729  0.00277155  0.0264293  0.00838587  0.0367644  0.0140981  0.0354632  0.00365622  1.593e-007  0.000862468  1.0525e-030  0.0171284  0.0152498  0.033339  0.0555202  0.0759277  0.532349  



p_star  4.32426e-070 