1.0525  0  0  0  0  

0.738785  0.261215  0  0  0  
0  0.737819  0.262181  0  0  
0  0  0.759676  0.240324  0  
0  0  0  0.888983  0.111017  
0  0  0  0  1  


0.00013383  5.96357e-006  5.09913e-005  1.4459e-005  0.00482962  0.00782702  8.55986e-006  0.00377868  1.0525e-030  1.0525e-030  0.0342176  0.164167  1.0525e-030  0.117413  0.000241205  5.66537e-007  0.019982  0.0885669  3.35278e-005  0.0188184  0.0328338  0.0528781  0.032163  1.0525e-030  1.0525e-030  2.79551e-006  0.106819  0.00565456  0.0412549  0.012037  0.0354707  0.220797  

0.0140395  0.00654099  0.0304781  0.00537372  0.0258599  0.0570616  0.00195432  0.0034464  1.0525e-030  1.0525e-030  0.0167799  0.0443178  1.0525e-030  0.00315013  0.00984442  2.8962e-005  0.0220616  0.0792689  0.0190023  0.157528  8.25942e-005  0.028711  0.0895988  1.0525e-030  1.0525e-030  2.02715e-005  0.0286503  0.00925739  0.0250749  0.0337554  0.0781299  0.209983  

0.000117064  0.0308869  0.0232454  0.0393348  0.0429302  0.065026  0.0201055  0.0542627  1.0525e-030  1.0525e-030  0.00101394  0.000112502  1.0525e-030  9.52036e-005  0.000450352  0.0203026  0.00059074  0.0177387  0.0515124  0.0827197  1.24224e-005  0.000493053  0.0442984  1.0525e-030  1.0525e-030  0.0194979  0.000189168  0.283395  0.0109013  0.0421279  0.00673913  0.141901  

1.32559e-005  0.0645505  0.208567  0.160866  0.0323275  0.0133117  0.0124225  0.0567374  1.0525e-030  1.0525e-030  0.00857799  3.87506e-005  1.0525e-030  2.53549e-005  0.0112133  0.0104101  6.61457e-006  0.00243774  0.000251765  0.0396475  2.12003e-006  1.18405e-005  0.00432174  1.0525e-030  0.00396902  0.194758  2.57819e-005  0.0623278  0.018724  0.0159028  4.20914e-005  0.0785092  

7.84893e-007  0.00784717  0.0279533  0.00211414  0.0185819  0.063895  0.0112296  0.00326463  1.0525e-030  1.0525e-030  6.20459e-006  0.00317451  1.0525e-030  5.19174e-007  0.00232422  0.00505147  0.00396147  0.0203419  7.24615e-006  0.0621576  1.625e-008  0.00151616  0.000809375  1.0525e-030  2.6849e-011  0.00476109  8.73682e-007  0.0202574  0.0519075  0.044174  0.0446245  0.600037  



p_star  9.36574e-048 