1.0525  0  0  0  0  

0.684068  0.315932  0  0  0  
0  0.531523  0.468477  0  0  
0  0  0.773219  0.226781  0  
0  0  0  0.656575  0.343425  
0  0  0  0  1  


1.0525e-030  2.12676e-009  1.10321e-006  8.5069e-007  0.0170644  0.0466184  3.09477e-011  5.59417e-006  1.0525e-030  1.0525e-030  1.0525e-030  0.0929165  4.41712e-013  3.35544e-006  1.0525e-030  4.0629e-007  0.0598635  0.0178584  0.0220219  0.0323342  0.0692639  3.13053e-008  0.194623  0.16324  1.08998e-009  8.63372e-007  1.0525e-030  0.0498388  0.000145939  0.00385864  0.0892437  0.141097  

1.0525e-030  2.2331e-008  5.65275e-006  4.86347e-006  0.0108041  0.0419365  4.89331e-010  0.000113071  1.0525e-030  1.0525e-030  1.0525e-030  0.00489821  8.83424e-012  0.0236465  1.0525e-030  2.14951e-006  0.130483  0.0213778  0.125687  0.0189664  0.0516031  2.36574e-007  0.129839  0.00302816  1.22707e-008  5.01651e-006  1.0525e-030  0.048041  0.0350784  0.0667327  0.157721  0.130026  

1.0525e-030  1.14447e-007  0.000580955  1.33654e-005  0.0256566  0.0087041  0.00751786  0.0315668  1.0525e-030  1.0525e-030  1.0525e-030  3.89458e-005  8.72382e-011  7.54976e-006  1.0525e-030  0.000371432  0.0416256  0.0620798  0.107973  0.121759  0.0374065  8.78307e-007  0.012585  9.15477e-005  6.75681e-008  0.000415966  1.0525e-030  0.198812  0.0121867  0.0147011  0.0960236  0.219882  

1.0525e-030  3.81493e-007  0.0252952  0.0277699  0.00242422  0.0963184  1.95233e-008  0.069011  1.0525e-030  1.0525e-030  1.0525e-030  8.31379e-006  5.67055e-010  4.40407e-006  1.0525e-030  0.0084269  0.0188939  0.00123022  0.0388381  0.0158197  4.34268e-005  7.77644e-006  0.000996364  2.08546e-005  2.42619e-007  0.0540902  1.0525e-030  0.205111  0.0872504  0.0999871  0.0833375  0.165115  

1.0525e-030  0.000843598  0.00281148  8.39131e-006  0.0143955  0.0483092  0.00174569  0.00296903  1.0525e-030  1.0525e-030  1.0525e-030  0.000887667  0.000887332  1.67269e-007  1.0525e-030  0.00153874  0.00205162  0.0337551  0.00520295  0.0528376  0.00160595  0.0025977  0.00227099  7.29251e-007  0.00171787  0.00105757  1.0525e-030  0.00881115  0.0245705  0.0292286  0.0517544  0.70814  



p_star  3.37768e-040 