1.0525  0  0  0  0  

0.597551  0.402449  0  0  0  
0  0.652618  0.347382  0  0  
0  0  0.900335  0.0996652  0  
0  0  0  0.916631  0.0833692  
0  0  0  0  1  


1.0525e-030  2.2235e-009  0.00757194  1.0525e-030  0.0290315  0.0966231  2.65852e-009  0.131569  1.0525e-030  1.0525e-030  1.685e-012  4.41712e-013  1.96159e-011  1.08325e-009  1.0525e-030  6.54986e-009  0.101074  0.063079  0.0131573  0.0331788  0.0365395  5.81842e-005  2.8545e-010  1.0525e-030  2.45199e-011  0.022647  1.04988e-030  0.0145827  0.105759  0.101617  0.0634532  0.180058  

1.0525e-030  2.50984e-008  0.000224977  1.0525e-030  0.0277055  0.247885  2.73623e-008  0.0534219  1.0525e-030  1.0525e-030  3.11724e-011  8.83424e-012  3.08951e-010  1.17359e-007  1.0525e-030  6.0972e-008  0.0130426  0.0216773  0.0315986  0.0308176  0.0690103  0.00915012  3.63948e-009  1.0525e-030  3.80059e-010  0.00108731  5.73967e-013  0.00197692  0.0269712  0.101437  0.123065  0.240929  

1.0525e-030  1.41382e-007  0.00261577  1.0525e-030  0.0391098  0.0230741  1.5261e-006  0.0117814  1.0525e-030  1.0525e-030  2.84449e-010  8.72382e-011  2.39438e-009  5.62576e-007  1.0525e-030  3.17086e-007  1.24713e-006  0.0330018  8.68058e-006  0.0471261  0.00503152  0.00135101  0.00240426  1.0525e-030  2.89795e-009  0.0726811  0.0105944  0.0299781  0.0033723  0.0274615  0.0588213  0.631583  

1.0525e-030  4.86656e-006  0.00842452  1.0525e-030  0.0422351  0.0690208  0.00244426  0.0757435  1.0525e-030  1.0525e-030  2.32485e-009  5.67055e-010  1.21715e-008  0.00528892  1.0525e-030  3.64842e-005  0.00174613  0.0183192  0.00939033  0.0241707  0.013602  0.00299294  0.000116463  1.0525e-030  1.44899e-008  0.0561033  4.5429e-011  0.0111503  0.0173388  0.0498071  0.0541619  0.537903  

1.0525e-030  0.00701831  0.00129387  1.0525e-030  0.0105321  0.056925  0.000994703  0.00864244  1.0525e-030  1.0525e-030  0.00124766  0.00489939  0.00403575  0.00435527  1.0525e-030  0.00812401  0.0256408  0.0617525  0.0315126  0.0548705  0.00946607  0.164057  0.00422087  1.0525e-030  0.00173615  0.0091217  1.00238e-030  0.00251018  0.0208985  0.0411501  0.109348  0.355647  



p_star  1.35141e-052 