SAMPLES:	3926
BITSPERSAMPLE:	16
CHANNELS:	1
SAMPLERATE:	16000
NORMALIZED:	FALSE
15
8
-9
3
-2
7
9
5
2
-8
10
37
32
34
47
44
60
58
73
59
53
67
52
33
45
45
4
6
-6
-14
-20
-15
-25
-56
-54
-35
-37
-49
-27
-34
-40
-32
-29
-28
-43
-32
-39
-45
-40
-74
-39
-70
-74
-41
-74
-60
-67
-60
-51
-60
-50
-53
-39
-38
-24
-19
-14
-24
-15
10
-5
22
18
28
20
32
56
50
63
63
86
70
80
77
70
82
63
73
65
43
60
45
43
50
24
50
49
20
50
55
34
42
45
40
39
48
43
15
3
5
4
-16
-17
-20
-36
-27
-34
-36
-23
-28
-5
-14
-14
-21
-7
-2
-24
-2
-29
-21
-16
-21
-35
-47
-44
-35
-34
-29
-33
-44
-26
-18
-5
-2
-8
-11
-8
-2
-12
-5
-24
-44
-37
-35
-23
-10
-26
-27
-21
-16
25
21
17
7
13
18
11
30
-1
3
2
3
-7
-3
-18
-22
-4
-6
-6
18
7
4
40
27
48
42
18
28
20
0
-1
-27
-62
-49
-42
-64
-44
-52
-58
-35
-41
-7
6
-17
13
-3
-10
24
10
20
5
3
9
10
18
6
11
-6
-3
5
20
32
20
21
38
13
51
65
33
33
32
13
0
19
5
12
5
12
10
22
34
33
40
32
26
26
16
-11
-4
-13
-22
-14
-31
-37
-1
-31
10
-4
-9
8
5
28
16
40
27
31
26
41
26
34
26
7
-12
-18
-32
-43
-24
-33
-38
-26
-17
-17
9
21
11
34
16
5
4
-8
-3
-14
-24
-21
-34
-24
-12
-30
-41
-24
-34
-40
-45
-54
-52
-60
-27
-57
-46
-25
-32
-18
-17
-27
-15
-29
-26
-26
-35
-2
-6
-18
7
-4
18
32
6
17
14
-6
-8
-9
-28
-17
18
20
4
23
50
66
64
98
80
56
74
72
69
58
79
50
36
52
41
57
29
2
0
-32
-12
-23
-36
-33
-54
-23
-22
-23
1
-28
-12
-21
-36
-37
-54
-65
-72
-60
-57
-59
-50
-49
-44
-43
-20
-31
-26
-38
-52
-41
-41
-7
-11
-1
4
25
45
60
65
60
62
68
58
61
75
66
66
74
67
68
90
78
66
50
39
49
18
23
37
17
30
38
48
32
52
65
41
19
33
21
-26
-19
-24
-35
-42
-38
-38
-54
-49
-46
-58
-65
-70
-64
-84
-103
-105
-72
-65
-85
-62
-70
-74
-38
-18
-60
-62
-44
-58
-43
-43
-22
-36
-26
-13
-17
5
19
11
-18
-8
11
9
15
7
18
26
52
89
53
72
81
78
70
72
64
31
36
13
11
25
1
12
11
-7
8
8
-5
-12
-1
-12
-21
-22
-27
-8
-27
-34
-11
-35
-34
-43
-39
-65
-54
-50
-71
-68
-45
-25
-39
-24
-9
-5
-7
15
-9
4
3
2
-15
-7
19
12
44
25
46
50
68
73
69
66
75
61
39
71
71
49
55
51
45
67
80
62
42
54
67
64
67
71
73
83
63
68
73
53
70
36
7
-6
-18
-17
-42
-45
-59
-44
-59
-52
-40
-58
-40
-48
-61
-67
-73
-80
-76
-95
-106
-96
-113
-105
-91
-112
-107
-92
-122
-85
-95
-101
-74
-73
-58
-73
-45
-49
-43
-7
-26
-35
-27
-24
-9
-7
7
3
34
36
42
62
73
61
81
69
58
73
48
68
22
51
47
43
54
43
49
51
67
57
52
59
62
46
77
41
37
58
13
40
16
14
1
-25
-12
-18
-2
-23
-21
-12
-10
1
16
2
-6
3
-16
-6
-6
-20
-23
-36
-29
-43
-18
-27
-22
-13
-22
-3
-3
1
-3
27
23
22
43
25
35
42
40
61
55
44
32
57
54
58
81
31
46
63
69
47
33
32
-6
5
0
8
-27
-42
-22
-59
-22
-14
-36
-27
-40
-44
-32
-22
-47
-47
-71
-75
-62
-74
-82
-112
-117
-123
-116
-116
-118
-128
-134
-110
-94
-98
-80
-56
-52
-36
-30
-39
-14
-14
-16
5
8
-18
13
7
8
44
29
35
18
38
35
30
38
18
27
34
30
38
44
51
58
75
74
70
103
97
100
126
107
115
120
114
119
124
103
91
77
55
65
45
27
3
18
15
6
24
17
-7
20
34
12
23
6
-20
-13
-14
-25
-24
-46
-43
-53
-55
-55
-63
-53
-59
-74
-91
-70
-72
-77
-64
-70
-81
-58
-54
-69
-59
-57
-40
-47
-61
-74
-19
-35
-23
-1
-28
12
-10
23
-3
9
12
12
2
-24
-1
-12
30
20
26
39
18
46
74
67
71
67
59
45
67
61
36
43
50
23
26
14
1
8
-7
-3
-24
-10
-14
-14
-7
0
7
0
1
19
5
-17
-9
-22
-29
-28
-41
-45
-50
-42
-20
-39
-36
-49
-17
-34
-38
-27
-48
-24
-47
-38
-34
-9
1
0
2
5
16
40
61
35
41
44
56
61
70
70
48
48
70
54
21
31
8
21
11
-15
-16
-10
4
3
4
-7
-1
18
17
-20
-2
-21
-20
-25
-44
-35
-48
-47
-47
-46
-60
-31
-38
-48
-47
-43
-39
-38
-31
-23
-28
-45
-13
-25
-8
-3
-10
-18
-18
1
-11
10
14
7
19
21
21
46
57
31
41
27
33
48
22
57
32
21
64
49
73
84
81
84
88
102
90
92
81
68
51
64
34
13
30
-3
-20
-21
-35
-49
-40
-50
-72
-71
-62
-65
-63
-54
-56
-57
-73
-63
-52
-65
-59
-76
-63
-106
-63
-52
-90
-44
-72
-60
-56
-35
-62
-57
-18
-55
-30
-35
-41
-17
3
15
6
42
34
54
83
80
98
103
109
123
114
112
136
127
117
111
100
92
72
60
70
61
31
20
39
25
29
32
29
38
4
7
15
19
-6
-35
-40
-46
-43
-56
-47
-94
-100
-71
-85
-89
-97
-110
-120
-99
-100
-118
-110
-110
-124
-106
-97
-90
-118
-126
-86
-91
-80
-94
-69
-47
-49
-21
-22
-8
32
30
39
44
32
36
53
42
72
75
38
61
59
88
105
106
100
100
96
110
120
97
103
107
91
92
75
78
67
65
63
64
50
27
29
38
50
49
42
24
64
43
39
47
47
33
10
10
-8
-18
-23
-17
-38
-41
-41
-23
-58
-44
-17
-48
-29
-48
-60
-50
-72
-62
-67
-90
-78
-91
-93
-73
-100
-99
-71
-84
-81
-70
-79
-59
-67
-39
-50
-62
-41
-48
-36
-48
-49
-39
-48
-48
-45
-17
-30
-20
7
5
40
25
53
52
64
92
56
46
53
59
58
69
44
20
53
58
52
63
88
86
62
100
104
84
93
107
84
82
74
67
87
45
29
41
37
36
-11
12
9
-9
5
-9
-22
-16
14
-23
-43
-41
-47
-52
-54
-69
-102
-95
-99
-94
-109
-77
-54
-83
-45
-79
-56
-27
-43
-40
-39
-47
-66
-63
-65
-56
-50
-53
-63
-47
-39
-48
-19
-4
-3
8
15
16
40
44
77
59
69
89
60
55
58
66
67
48
30
52
48
45
43
55
47
51
91
61
48
48
48
43
36
46
42
21
4
14
-5
37
15
6
-13
-39
-9
-35
-21
-42
-37
-48
-81
-89
-64
-73
-68
-79
-104
-95
-85
-90
-71
-67
-93
-56
-34
-43
-35
-1
-20
-26
1
6
4
-1
-11
13
15
31
31
31
40
54
108
80
82
92
95
93
99
95
79
82
63
71
70
66
44
57
54
33
46
41
43
35
17
40
32
-2
11
10
-12
-21
-21
-32
-60
-69
-66
-60
-67
-98
-79
-75
-79
-55
-76
-74
-85
-96
-90
-98
-65
-92
-105
-116
-109
-83
-89
-73
-71
-86
-59
-32
-20
-39
-15
19
7
32
32
41
50
45
64
74
59
46
60
55
54
76
89
65
58
91
90
84
103
94
95
108
87
97
68
70
75
48
48
49
26
22
16
16
9
11
-2
-11
18
-25
2
15
-42
-35
-16
-25
-62
-48
-48
-68
-46
-54
-70
-58
-63
-50
-29
-58
-39
-44
-36
-27
-39
-39
-66
-28
-50
-55
-29
-46
-34
-41
-21
-38
-17
-12
-19
17
8
-1
0
-1
9
28
7
8
17
17
17
26
21
22
28
15
43
29
38
45
13
35
26
34
28
15
-11
5
21
-2
14
-7
-8
4
5
1
0
12
11
1
15
8
-13
-2
4
26
12
-3
18
8
-1
13
9
5
0
-1
6
7
-8
7
5
-3
-4
-21
-10
-25
-22
-46
-33
-52
-43
-43
-63
-31
-31
-15
-10
-10
-7
-13
-5
18
6
1
-8
-5
2
-1
-11
-3
-18
-2
-7
-14
1
6
22
14
35
28
48
64
59
47
62
81
56
39
23
39
20
17
19
6
13
18
11
6
24
46
25
7
27
32
24
11
19
3
-1
-8
-6
-6
-17
-10
-46
-19
-32
-48
-41
-51
-50
-65
-65
-63
-65
-86
-57
-70
-89
-72
-101
-68
-62
-64
-70
-67
-47
-58
-15
11
-1
-5
22
32
34
34
31
45
46
23
38
36
51
40
50
63
67
75
66
93
81
78
74
93
82
78
68
50
63
51
59
56
22
29
11
25
9
3
32
-2
13
10
10
9
-15
9
-5
-21
-16
-48
-60
-51
-65
-62
-50
-63
-54
-67
-57
-44
-54
-46
-54
-66
-77
-56
-82
-71
-58
-73
-87
-69
-53
-54
-27
-54
-35
-26
-22
-8
-19
-2
1
3
-4
-18
8
13
-5
6
-9
-19
-14
11
-3
1
11
7
33
6
44
34
41
50
52
68
49
58
27
31
42
48
38
40
25
29
34
30
68
71
50
40
54
62
59
74
51
34
45
37
34
13
24
31
37
18
1
10
19
32
16
12
16
20
-6
3
-17
-21
-25
-53
-39
-55
-56
-65
-50
-39
-58
-25
-13
-49
-42
-21
-22
-31
-41
-43
-52
-92
-64
-78
-84
-56
-71
-54
-68
-71
-59
-35
-25
-9
-16
-6
-7
-5
11
13
26
29
7
-10
16
18
22
10
35
35
17
24
30
39
42
68
72
47
44
43
42
82
63
66
67
34
46
65
54
47
33
32
24
40
35
26
33
19
40
22
-4
-2
6
4
11
-6
-36
-20
-33
-14
-28
-35
-15
-14
-25
-41
-31
-48
-44
-56
-63
-79
-77
-101
-86
-82
-95
-85
-116
-85
-42
-56
-69
-55
-45
-22
-29
-57
-46
-54
-50
-26
-31
-30
-25
-17
-8
8
29
26
50
74
68
64
64
69
83
102
74
54
70
79
103
65
61
86
83
89
63
68
104
103
101
95
68
69
88
56
39
62
41
16
10
2
-12
-9
-14
-31
-26
-57
-27
-21
-57
-53
-71
-45
-67
-91
-73
-84
-91
-67
-81
-113
-94
-105
-75
-71
-98
-68
-70
-65
-70
-57
-47
-45
-51
-40
-36
-17
-7
-19
0
-5
-12
-5
10
11
25
32
23
35
43
32
66
72
97
67
45
86
64
89
62
70
69
54
89
76
68
83
85
71
65
45
35
47
13
18
-7
-3
-7
-49
0
-4
-24
3
-19
-41
-1
-15
-6
-18
-27
-18
-40
-28
-42
-32
-19
-41
-38
-41
-64
-54
-38
-33
-28
-39
-31
-36
-7
-15
-27
-18
-21
-1
-20
-29
-46
-48
-45
-30
-52
-33
-38
-63
-33
-17
-19
-40
7
10
-4
14
-12
16
23
24
50
42
29
29
53
26
40
62
57
43
17
37
33
49
48
26
15
32
26
18
14
29
54
9
7
12
17
47
48
15
34
35
8
15
-3
23
22
10
7
-30
2
6
-5
16
-14
1
-6
-27
-17
-19
-8
-16
-21
-31
-41
-9
-27
-47
-40
-42
-17
-57
-74
-78
-64
-46
-48
-48
-41
-64
-35
-47
-49
-14
-51
-24
-40
-34
-18
1
-12
-14
10
15
14
17
21
13
25
-13
4
10
8
31
18
24
3
19
54
53
33
16
39
42
23
42
52
43
54
36
58
36
40
80
39
78
68
38
55
36
58
67
53
65
36
8
45
23
-6
1
14
4
-27
-44
-39
-24
-8
-42
-57
-46
-67
-27
-29
-24
-29
-53
-45
-49
-50
-42
-38
-61
-87
-81
-69
-77
-98
-70
-71
-67
-67
-60
-58
-60
-49
-53
-12
-39
-32
8
-13
5
21
8
2
38
34
23
43
14
30
36
62
77
48
68
65
58
79
72
111
61
50
44
25
60
48
53
40
32
40
26
39
53
33
33
34
35
27
37
32
25
19
2
-9
14
-9
-21
-9
-15
-32
-67
-76
-41
-54
-71
-55
-78
-62
-49
-81
-76
-64
-58
-31
-38
-20
-50
-24
-25
-41
-3
-26
-36
-38
-23
-25
-20
-23
-21
-34
-14
7
-31
32
44
4
33
33
22
28
8
16
40
27
39
17
5
4
0
38
21
28
30
26
42
35
37
26
34
29
39
41
35
51
20
14
16
-4
9
17
33
8
-3
-1
15
10
-16
15
-1
-32
-8
6
-10
-30
-50
-32
-44
-20
-10
-27
-31
-26
-9
-23
-37
-31
-8
-25
-28
-23
-19
-16
-9
-3
-19
19
4
-20
-10
6
-10
-22
-11
-26
1
-12
-24
1
15
20
9
36
36
5
5
10
34
20
23
55
22
8
40
33
36
40
19
33
8
-11
-11
-24
28
23
-16
-7
18
26
45
41
39
23
2
42
25
11
-4
-25
-20
-41
-27
-24
-35
-22
-29
-46
-50
-22
-20
1
2
10
-7
-25
-22
-2
-2
-49
-21
-54
-49
-45
-107
-66
-57
-80
-38
1
9
-4
7
27
49
36
18
37
45
20
1
-23
-50
-9
0
-9
-17
-10
7
41
35
54
36
28
41
25
61
39
21
32
-5
-27
-14
-28
-9
0
3
-1
-18
-12
8
8
35
70
65
56
36
38
47
50
24
-10
8
-14
-39
-33
-52
-62
-68
-46
-32
-31
-18
-9
-8
-1
8
18
-3
-15
-1
-23
-32
-17
-35
-16
-29
-40
7
-27
6
30
19
22
10
26
34
18
1
14
7
25
26
19
-24
-31
5
-4
32
24
18
23
40
39
44
39
41
46
13
27
-16
-14
-17
-45
-40
-30
-14
10
4
17
34
38
26
25
66
20
26
41
-24
-33
4
-50
-62
-43
-47
-23
-60
-47
-41
-32
-16
-9
1
28
10
4
10
-16
-16
-20
-11
-46
-69
-63
-68
-86
-69
-59
-53
-32
-11
-21
9
12
18
38
40
56
48
54
25
28
32
33
16
-1
27
21
17
8
35
15
15
54
23
60
45
50
53
19
10
-7
0
-26
-8
-18
-25
-15
-31
3
12
21
5
40
77
11
19
16
10
-12
-48
-29
-23
-48
-44
-32
-74
-78
-51
-54
-67
-52
-41
-41
-13
4
19
-12
-4
27
12
21
3
-17
-35
-27
-27
-47
-29
-5
25
9
4
71
64
43
47
29
43
38
17
40
47
22
23
49
39
30
41
49
0
14
42
25
27
6
-5
2
18
45
5
3
21
-9
-3
-19
-37
-30
-19
-32
-33
-2
-2
-29
-15
-11
-5
-24
-33
-6
-14
-10
-30
-23
-39
-69
-43
-36
3
-26
-57
-35
-35
-35
-28
-9
-19
-8
-8
-6
8
25
9
19
27
-1
9
3
12
6
10
6
-7
4
-9
7
14
13
64
41
34
45
7
43
18
22
37
33
35
-1
15
22
11
12
3
-24
-11
-20
-3
-4
-28
-28
-32
5
5
-1
40
55
21
17
0
-13
-13
-13
4
-9
-35
-30
-45
-41
-52
-39
-8
-30
-9
-30
-35
-15
2
-4
-2
-5
-24
2
-2
-33
-11
-41
-49
-29
-42
-30
-13
29
48
57
33
36
44
36
71
49
29
24
7
-21
-21
-42
9
28
6
26
12
21
18
41
26
54
66
45
47
47
44
40
19
5
-14
-10
-19
-52
-27
-48
-46
-31
-21
-9
-5
25
40
49
52
47
43
26
2
-2
0
-14
-50
-52
-57
-63
-34
-74
-100
-37
-40
-22
20
-11
1
5
0
4
8
-7
-7
-18
-27
-23
-54
-44
-48
-76
-49
-27
2
13
17
20
27
47
43
60
80
73
60
61
25
-11
-10
-18
-10
-40
-6
-16
7
18
-25
26
37
38
37
50
43
15
-5
-6
9
-7
-22
-34
-18
-15
-31
-9
-16
-14
3
-5
-22
10
27
24
9
11
14
-14
-9
-32
-24
-59
-97
-74
-91
-62
-66
-61
-70
-57
-25
-4
17
2
22
34
28
32
27
21
-1
-18
9
13
3
-23
-18
-24
-21
12
-1
22
46
56
84
65
79
74
68
93
84
85
72
43
41
36
8
30
31
-3
22
20
3
12
14
14
-6
-1
29
-4
-26
-4
4
-13
-19
-15
-12
-24
-34
-37
-29
-17
-7
-27
-47
-42
-33
-26
-24
-27
-22
-27
-11
-22
-29
-36
-58
-26
-57
-55
-36
-75
-62
-75
-53
-53
-67
5
-14
2
13
26
44
37
45
55
49
52
49
34
16
-4
41
15
1
12
18
24
47
46
57
73
81
85
44
83
61
46
42
33
22
-27
-19
-24
-13
-9
5
-29
-28
20
-25
1
-11
-20
-23
-34
-25
-53
-36
-59
-61
-44
-41
-36
-56
-56
-41
-18
-59
-51
-13
-18
-20
-15
-27
-16
5
-44
-41
-37
-62
-79
-78
-78
-61
-54
-60
-29
-24
28
37
29
67
63
73
46
20
51
60
47
43
44
43
43
25
48
52
50
67
42
59
79
82
109
107
66
83
87
60
53
3
-7
-48
-54
-41
-78
-39
-20
-26
25
55
52
56
32
51
23
7
-19
-34
-42
-68
-78
-91
-80
-78
-71
-62
-39
-47
-44
-61
-45
-19
-38
-19
-29
-28
5
-12
-23
-45
-40
-37
-50
-39
-49
-55
-45
-22
-25
26
23
-12
7
-18
22
17
2
-9
-10
-20
-32
10
20
30
61
60
37
35
60
50
33
10
24
54
35
34
21
30
51
69
65
32
37
43
31
4
-2
7
8
11
16
33
16
41
41
17
23
39
38
32
42
11
31
35
16
6
22
13
14
9
-9
-28
-32
-24
-38
-15
-17
10
4
-2
-6
15
-4
-50
1
-25
-26
-27
-63
-49
-79
-73
-69
-56
-53
-60
-55
-62
-59
-61
-39
-48
-49
-35
-37
-38
-44
-16
-33
-75
-50
-40
-37
-72
-53
-8
-37
-5
-10
-21
-4
22
19
21
26
16
14
5
4
-2
17
0
3
8
27
56
65
47
68
44
67
75
61
96
60
55
34
50
40
34
27
37
28
16
43
35
28
4
-9
37
40
18
17
14
31
25
18
-1
-7
-28
-6
20
-7
9
-5
-13
-9
-19
-11
-6
-6
-6
-32
-35
-53
-29
-32
-56
-4
-29
-36
-28
-25
-38
-48
-48
-43
-4
-26
-21
42
20
42
58
32
66
60
24
21
27
28
26
-19
-27
6
-1
22
33
6
14
15
21
29
36
24
32
60
45
24
22
-1
-15
-6
-26
-42
-46
-54
-48
-45
-16
5
26
29
9
42
26
11
-24
-14
-10
-28
-50
-65
-50
-54
-42
-37
-73
-69
-18
-35
-50
-70
-51
-37
-28
-15
3
-24
-52
-42
-56
-29
-39
-57
-31
-35
-30
-45
-2
37
11
30
38
22
30
27
-2
-5
-14
-4
4
23
27
1
49
43
67
77
55
73
82
85
65
63
31
3
9
18
-1
5
1
3
10
5
19
45
76
85
91
72
55
51
34
26
13
-31
-51
-25
-62
-48
-68
-88
-22
-1
3
-8
21
31
6
7
18
-9
-11
-38
-94
-64
-66
-90
-104
-81
-31
-45
-17
2
-1
0
-16
11
13
14
4
-9
-15
-44
-32
-34
-19
-9
-45
-21
33
27
26
43
39
47
56
80
78
90
89
56
45
20
31
29
22
38
53
76
59
11
43
28
32
57
51
34
19
58
8
-22
5
20
19
-1
-1
-4
-41
-36
-66
-65
-58
-69
-52
-64
-63
-52
-57
-74
-64
-59
-30
-38
-65
-66
-38
-25
-40
-76
-71
-78
-47
-65
-101
-64
-97
-78
-49
-47
-51
-23
-7
10
0
2
20
16
18
9
28
1
4
-8
-5
19
-19
3
24
33
17
36
58
56
71
99
95
103
111
81
91
70
69
75
38
60
75
61
54
19
54
58
50
37
35
35
11
36
36
-6
-2
14
-7
2
-15
-30
-27
-3
8
-25
-4
-28
5
31
49
34
-8
3
-34
-26
-62
-48
-21
-52
-27
-77
-49
-48
-34
-12
-18
-10
-32
-35
-53
-48
-70
-54
-56
-70
-37
-19
-31
-25
-20
-26
-3
-11
-8
-9
-2
22
10
25
6
19
-5
-40
-26
-30
-13
-28
-1
-25
-18
-21
-16
38
42
76
95
77
50
27
25
11
-26
14
0
-8
-32
-46
-9
-41
-8
5
35
41
29
26
51
49
35
50
22
47
-3
-15
-6
3
-1
-18
2
-28
-31
-31
3
21
49
50
30
3
1
25
-7
11
-8
-8
-39
-38
-38
-35
-17
-30
12
5
10
